1386.6 0 -10 1 19.45455
1386.919 0.44415 -6.20305 0 19.45455
1387.08 1.0152 -2.1784 1 3.271098
1387.937 -5.0472 -4.7688 0 3.271098
1390.718 -42.01975 -38.1838 1 3.140296
1390.731 -43.1435 -38.3159 0 3.140296
1391.2 -54.2 -39.8 1 21.25869
1391.246 -56.2072 -39.7424 0 21.25869
1391.499 -124.796 -39.4265 1 12.69428
1391.731 -127.5256 -41.4272 0 12.69428
1393.774 -153.3912 -101.6808 1 0.4016144
1393.69 -153.9572 -102.1334 0 0.4016144
1393.514 -160.3776 -107.588 1 10.09172
1393.495 -161.8304 -108.3447 0 10.09172
1394.518 -229.3451 -124.0154 1 3.246503
1394.51 -230.2384 -124.9952 0 3.246503
1394.4 -239.8 -142.7 1 10.71092
1394.445 -241.1528 -143.8532 0 10.71092
1419.084 -637.2176 -329.5872 1 6.701428
1419.088 -637.0088 -329.4936 0 6.701428
1419.108 -636.3823 -329.2128 1 26.9091
1419.1 -636.8 -329.4 0 26.9091
1419 -727.1134 -371.8967 1 0.1208517
1419 -727.3 -372 0 0.1208517
1419 -729.5043 -372.9385 1 0.03321261
1419.006 -729.4875 -372.8688 0 0.03321261
1419.006 -729.4875 -372.8688 1 0.5455935
1419.004 -729.8708 -373.0309 0 0.5455935
1406.279 -908.0703 -450.8568 1 9.588423
1402.902 -914.8304 -452.7176 0 9.588423
1398.83 -918.9633 -453.8623 1 23.26268
1397.646 -920.3936 -454.3419 0 23.26268
1394.362 -925.1144 -456.3491 1 10.20368
1393.481 -928.65 -457.8188 0 10.20368
1399.874 -1105.451 -503.7438 1 32.56391
1399.967 -1107.307 -503.0506 0 32.56391
1400.063 -1109.119 -502.375 1 8.88495
1394.594 -1117.174 -499.3592 0 8.88495
1389.259 -1120.757 -498.0056 1 16.58461
1384.112 -1127.631 -495.2875 0 16.58461
1370.413 -1389.333 -405.6136 1 1.744146
1370.412 -1389.025 -405.6813 0 1.744146
1370.406 -1388.744 -405.7494 1 1.194442
1370.4 -1389 -405.7 0 1.194442
1371.1 -1461.742 -389.8104 1 4.437343
1371.1 -1462.043 -389.6728 0 4.437343
1371.1 -1472.008 -384.5364 1 0.5095018
1371.1 -1471.922 -384.5832 0 0.5095018
1371.1 -1471.859 -384.6116 1 0.3639479
1371.1 -1472.225 -384.3571 0 0.3639479
1371.1 -1475.31 -382.3696 1 1.016007
1371.1 -1475.5 -382.2 0 1.016007
1368.6 -1622.1 -328.3 1 7.035473
1368.485 -1624.428 -326.9176 0 7.035473
1363.169 -1798.564 -243.5221 1 14.89964
1363.107 -1799.709 -242.552 0 14.89964
1362.126 -1816.953 -222.9738 1 10.19228
1362.013 -1818.188 -220.3008 0 10.19228
1357.966 -1915.592 -187.5421 1 1.746341
1357.925 -1916.394 -187.7048 0 1.746341
1357.594 -1927.05 -188.5376 1 9.879292
1357.528 -1928.585 -188.1959 0 9.879292
1357.1 -1937.1 -184.2 1 11.50985
1356.956 -1939.475 -181.9187 0 11.50985
1354.8 -1944.901 -76.688 1 4.930416
1354.8 -1944.954 -76.84399 0 4.930416
1354.8 -1945.107 -77.312 1 13.66611
1354.8 -1945 -77 0 13.66611
1354.7 -1938.008 -57.70035 1 0.09270435
1354.7 -1938.029 -57.78481 0 0.09270435
1354.7 -1938.051 -57.8496 1 19.90395
1354.7 -1938 -57.7 0 19.90395
1354.7 -1937.048 -54.8488 1 0.3075276
1354.7 -1937.075 -54.94375 0 0.3075276
1354.7 -1937.093 -55.00105 1 7.614957
1354.7 -1937.055 -54.87715 0 7.614957
1354.807 -1680.01 587.2488 1 0.3653012
1354.8 -1679.916 587.6026 0 0.3653012
1354.8 -1678.757 590.2956 1 0.1527484
1354.8 -1678.806 590.1504 0 0.1527484
1354.8 -1678.886 589.9368 1 8.875788
1354.8 -1678.811 590.1245 0 8.875788
1356.21 -1615.473 735.8344 1 31.92598
1356.205 -1615.582 735.5712 0 31.92598
1356.19 -1615.919 734.7736 1 114.7129
1356.2 -1615.7 735.3 0 114.7129
1356.9 -1547.078 893.1271 1 0.3822545
1356.9 -1547.121 892.8962 0 0.3822545
1356.9 -1547.2 892.7016 1 0.1375839
1356.9 -1547.263 892.5488 0 0.1375839
1356.9 -1547.344 892.3751 1 0.7214646
1356.9 -1547.178 892.9106 0 0.7214646
1356.995 -1522.761 954.028 1 2.60386
1356.993 -1522.699 954.128 0 2.60386
1356.993 -1522.699 954.128 1 3.323162
1356.994 -1522.578 954.3719 0 3.323162
1357.393 -1492.53 1028.63 1 2.91824
1357.395 -1492.554 1028.55 0 2.91824
1357.4 -1492.602 1028.386 1 0.5860874
1357.4 -1492.58 1028.495 0 0.5860874
1357.4 -1492.3 1029.6 1 0.2857491
1357.4 -1492.3 1029.706 0 0.2857491
1357.4 -1492.304 1029.743 1 0.2244737
1357.4 -1492.267 1029.88 0 0.2244737
1357.4 -1492.122 1030.133 1 0.319895
1357.4 -1492.098 1030.322 0 0.319895
1357.4 -1492.105 1030.451 1 0.07312786
1357.4 -1492.038 1030.555 0 0.07312786
1357.4 -1492.038 1030.555 1 0.1361034
1357.4 -1491.993 1030.715 0 0.1361034
1357.4 -1492 1030.917 1 0.06451333
1357.4 -1492.006 1030.944 0 0.06451333
1357.4 -1492.006 1030.944 1 0.07039489
1357.4 -1492.004 1030.979 0 0.07039489
1357.4 -1491.9 1031.4 1 0.1098343
1357.4 -1491.823 1031.472 0 0.1098343
1357.4 -1491.823 1031.472 1 0.08701353
1357.4 -1491.798 1031.578 0 0.08701353
1357.4 -1491.805 1031.665 1 0.07655133
1357.4 -1491.738 1031.75 0 0.07655133
1357.4 -1491.738 1031.75 1 0.1406035
1357.4 -1491.698 1031.915 0 0.1406035
1357.4 -1491.705 1032.05 1 0.1071528
1357.4 -1491.626 1032.176 0 0.1071528
1357.4 -1491.615 1032.183 1 0.08818725
1357.4 -1491.6 1032.3 0 0.08818725
1357.4 -1491.312 1033.558 1 0.2393224
1357.4 -1491.3 1033.694 0 0.2393224
1357.4 -1491.304 1033.729 1 0.4486722
1357.4 -1491.286 1033.869 0 0.4486722
1357.4 -1491 1034.9 1 0.2905934
1357.4 -1490.95 1034.994 0 0.2905934
1357.4 -1490.93 1035.024 1 0.4380719
1357.4 -1490.89 1035.139 0 0.4380719
1357.4 -1490.796 1035.638 1 0.60866
1357.4 -1490.798 1035.734 0 0.60866
1357.4 -1490.805 1035.843 1 0.4313877
1357.4 -1490.777 1035.987 0 0.4313877
1357.4 -1490.29 1038.128 1 0.4106324
1357.4 -1490.244 1038.206 0 0.4106324
1357.4 -1490.223 1038.239 1 0.2545703
1357.4 -1490.198 1038.408 0 0.2545703
1357.4 -1490.203 1038.566 1 0.7269409
1357.4 -1490.186 1038.677 0 0.7269409
1357.4 -1490.1 1039 1 0.3698081
1357.4 -1490.044 1039.106 0 0.3698081
1357.4 -1490.033 1039.122 1 0.2580494
1357.4 -1489.998 1039.313 0 0.2580494
1357.4 -1490.005 1039.438 1 0.4776239
1357.4 -1489.962 1039.625 0 0.4776239
1357.4 -1489.906 1039.774 1 0.3817324
1357.4 -1489.894 1039.906 0 0.3817324
1357.4 -1489.906 1040.166 1 0.08013932
1357.4 -1489.838 1040.25 0 0.08013932
1357.4 -1489.838 1040.25 1 0.144068
1357.4 -1489.793 1040.406 0 0.144068
1357.4 -1489.7 1041.3 1 0.5674796
1357.4 -1489.694 1041.351 0 0.5674796
1357.4 -1489.693 1041.372 1 0.3907823
1357.4 -1489.694 1041.406 0 0.3907823
1357.4 -1489.704 1041.774 1 0.3029655
1357.4 -1489.65 1041.913 0 0.3029655
1357.4 -1489.615 1041.968 1 0.114141
1357.4 -1489.597 1042.066 0 0.114141
1357.4 -1489.598 1042.075 1 0.4102911
1357.4 -1489.6 1042.1 0 0.4102911
1357.362 -1491.662 1061.285 1 0.0008631675
1357.294 -1491.7 1061.344 0 0.0008631675
1357.297 -1491.691 1061.283 1 0.06937117
1357.3 -1491.7 1061.4 0 0.06937117
1357.3 -1492.222 1065.349 1 0.7241452
1357.3 -1492.238 1065.606 0 0.7241452
1356.194 -1538.371 1172.484 1 1.722824
1356.121 -1538.751 1172.915 0 1.722824
1343.093 -2003.617 1359.995 1 0.2062591
1343.1 -2003.38 1359.988 0 0.2062591
1343.116 -2003.017 1359.99 1 1.997431
1343.1 -2003.5 1360 0 1.997431
1340.977 -2050.325 1360.625 1 2.190355
1340.988 -2050.162 1360.625 0 2.190355
1341.006 -2049.794 1360.611 1 0.2662236
1340.987 -2050.132 1360.594 0 0.2662236
1340.785 -2053.635 1360.493 1 0.9813163
1340.788 -2053.575 1360.494 0 0.9813163
1340.799 -2053.387 1360.499 1 1.168479
1340.802 -2053.484 1360.502 0 1.168479
1311.176 -2641.492 1309.546 1 22.54549
1311.188 -2641.224 1309.569 0 22.54549
1311.224 -2640.364 1309.646 1 58.82897
1311.2 -2640.9 1309.6 0 58.82897
