-1612.52	0.00	-300.00
-1183.11	0.00	-290.00
-813.88	0.00	-280.00
-496.38	0.00	-270.00
-223.39	0.00	-260.00
11.33	0.00	-250.00
213.14	0.00	-240.00
386.65	0.00	-230.00
535.80	0.00	-220.00
664.01	0.00	-210.00
774.20	0.00	-200.00
868.88	0.00	-190.00
950.22	0.00	-180.00
1020.08	0.00	-170.00
1080.04	0.00	-160.00
1131.47	0.00	-150.00
1175.56	0.00	-140.00
1213.29	0.00	-130.00
1245.55	0.00	-120.00
1273.05	0.00	-110.00
1296.44	0.00	-100.00
1316.24	0.00	-90.00
1332.90	0.00	-80.00
1346.81	0.00	-70.00
1358.28	0.00	-60.00
1367.58	0.00	-50.00
1374.91	0.00	-40.00
1380.45	0.00	-30.00
1384.31	0.00	-20.00
1386.60	0.00	-10.00
1387.36	0.00	0.00
1388.80	-14.10	-15.30
1389.20	-19.40	-20.80
1389.60	-24.70	-26.40
1389.80	-27.30	-29.00
1390.20	-33.60	-33.60
1390.70	-41.70	-38.00
1390.70	-42.40	-38.20
1391.20	-54.20	-39.80
1391.30	-63.10	-38.60
1391.40	-69.40	-37.20
1391.40	-75.80	-35.70
1391.20	-83.50	-34.20
1391.00	-89.60	-32.80
1390.70	-95.30	-31.90
1390.60	-100.70	-31.70
1390.80	-108.60	-33.30
1391.10	-115.00	-35.70
1391.40	-121.50	-38.10
1391.60	-126.30	-40.40
1392.40	-132.70	-46.60
1392.60	-136.10	-50.50
1393.00	-139.80	-55.50
1393.20	-141.50	-59.10
1393.50	-143.20	-63.60
1393.60	-144.30	-66.80
1393.90	-144.70	-72.20
1394.00	-145.20	-81.00
1394.00	-145.70	-85.70
1394.00	-146.80	-89.90
1394.00	-149.00	-94.50
1393.80	-153.10	-101.20
1393.70	-153.70	-101.90
1393.60	-157.60	-105.30
1393.50	-161.30	-108.10
1393.50	-167.90	-110.30
1393.60	-177.20	-112.40
1393.70	-186.40	-114.50
1393.80	-192.00	-115.70
1393.80	-196.00	-116.20
1393.90	-200.10	-116.30
1394.00	-204.10	-116.40
1394.00	-208.20	-116.80
1394.10	-214.00	-118.00
1394.30	-222.20	-120.40
1394.50	-228.40	-123.40
1394.50	-230.70	-125.70
1394.40	-234.00	-132.00
1394.40	-236.10	-137.30
1394.40	-239.80	-142.70
1394.60	-244.60	-145.90
1394.80	-249.60	-148.10
1395.20	-254.40	-149.60
1395.70	-260.40	-150.00
1396.10	-266.70	-149.70
1396.60	-272.10	-150.60
1397.50	-278.80	-153.90
1398.50	-285.30	-157.30
1400.60	-294.40	-162.80
1402.10	-300.30	-166.10
1403.90	-306.30	-169.30
1406.70	-315.90	-174.60
1409.10	-325.50	-179.90
1410.20	-331.60	-183.50
1411.70	-337.80	-187.20
1415.00	-346.80	-191.80
1419.20	-355.90	-196.40
1421.30	-363.50	-200.40
1422.50	-371.10	-204.40
1423.90	-380.60	-209.20
1424.70	-387.00	-212.40
1425.90	-396.90	-215.80
1426.30	-403.40	-218.20
1426.40	-410.80	-221.70
1426.10	-419.90	-226.20
1425.50	-429.70	-230.90
1425.10	-435.70	-233.50
1424.70	-441.80	-236.10
1424.10	-450.30	-239.70
1423.80	-458.80	-243.40
1423.50	-466.20	-247.00
1423.30	-473.60	-250.60
1423.00	-483.10	-255.20
1422.50	-492.50	-259.70
1422.20	-501.00	-264.00
1421.90	-509.50	-268.20
1421.60	-518.00	-272.50
1421.70	-526.80	-276.80
1421.60	-535.60	-281.10
1421.50	-544.20	-285.20
1421.40	-552.80	-289.40
1421.30	-561.20	-293.50
1421.20	-569.50	-297.50
1421.10	-577.90	-301.60
1420.90	-588.80	-307.00
1420.70	-599.70	-312.30
1420.10	-610.70	-317.70
1419.70	-619.40	-321.60
1419.40	-628.10	-325.50
1419.10	-636.80	-329.40
1419.10	-636.80	-329.40
1418.90	-645.50	-333.30
1418.80	-654.50	-337.30
1418.80	-663.60	-341.30
1419.00	-674.40	-346.00
1419.10	-683.90	-350.90
1419.10	-693.30	-355.80
1419.20	-699.80	-359.20
1419.10	-706.40	-362.50
1419.00	-717.00	-367.40
1419.00	-724.50	-370.80
1419.00	-726.90	-371.80
1419.00	-727.30	-372.00
1419.00	-729.40	-372.90
1419.00	-730.20	-373.20
1418.90	-737.30	-377.00
1418.80	-746.40	-382.50
1418.60	-755.40	-388.30
1418.40	-763.50	-393.20
1418.20	-772.10	-398.20
1417.80	-780.60	-403.20
1417.50	-787.80	-407.30
1417.10	-794.90	-411.40
1416.40	-804.10	-415.30
1415.80	-811.70	-418.20
1415.10	-819.30	-421.10
1414.00	-830.10	-425.50
1412.80	-841.20	-430.00
1411.30	-852.00	-433.30
1409.80	-862.70	-436.60
1408.70	-870.80	-439.20
1407.90	-878.90	-441.70
1407.40	-887.00	-444.20
1406.40	-895.00	-446.80
1406.20	-903.10	-449.40
1405.50	-911.40	-451.80
1398.20	-919.70	-454.10
1394.10	-925.70	-456.60
1393.30	-931.60	-459.10
1392.70	-937.60	-462.10
1392.60	-945.80	-467.00
1392.70	-953.00	-471.70
1393.30	-961.80	-476.90
1394.10	-970.60	-482.00
1395.00	-977.70	-486.10
1396.30	-984.80	-490.20
1397.30	-992.30	-494.50
1397.90	-996.60	-497.30
1398.90	-1002.90	-503.00
1399.70	-1008.40	-507.70
1400.50	-1013.80	-512.40
1401.00	-1017.10	-515.60
1401.70	-1022.90	-520.50
1402.20	-1028.50	-524.20
1402.60	-1034.60	-526.30
1402.80	-1039.20	-526.90
1402.90	-1042.70	-526.80
1403.00	-1048.30	-525.70
1402.70	-1057.50	-522.00
1402.20	-1066.70	-518.40
1401.60	-1075.50	-515.10
1400.90	-1084.20	-511.80
1400.10	-1094.40	-507.90
1399.90	-1104.50	-504.10
1398.80	-1113.60	-500.70
1387.20	-1122.60	-497.30
1382.30	-1132.30	-493.50
1380.90	-1138.40	-491.90
1380.10	-1144.60	-490.30
1378.80	-1153.00	-489.20
1376.80	-1164.90	-488.60
1374.60	-1174.20	-487.90
1373.50	-1180.70	-485.80
1372.50	-1187.30	-481.80
1371.80	-1192.80	-478.20
1371.10	-1198.30	-474.50
1370.70	-1203.70	-471.20
1370.40	-1209.00	-467.80
1370.10	-1214.60	-464.80
1369.90	-1220.20	-461.70
1369.70	-1227.50	-456.60
1369.60	-1234.80	-451.40
1369.50	-1242.10	-446.30
1369.50	-1248.20	-442.80
1369.40	-1254.30	-439.40
1369.30	-1263.60	-435.90
1369.20	-1272.80	-432.30
1369.30	-1281.20	-429.60
1369.30	-1289.60	-426.90
1369.40	-1297.90	-425.50
1369.40	-1306.30	-424.20
1369.50	-1316.90	-422.40
1369.60	-1327.40	-420.50
1369.60	-1333.90	-419.30
1369.60	-1340.40	-418.00
1369.70	-1348.60	-416.10
1369.80	-1356.80	-414.10
1370.00	-1366.10	-411.60
1370.10	-1375.50	-409.10
1370.20	-1382.20	-407.40
1370.40	-1389.00	-405.70
1370.40	-1389.00	-405.70
1370.40	-1395.40	-404.30
1370.50	-1401.90	-402.90
1370.60	-1409.10	-402.00
1370.70	-1416.30	-401.10
1370.80	-1423.30	-400.80
1370.90	-1430.30	-400.50
1371.10	-1440.80	-397.90
1371.10	-1450.90	-394.10
1371.10	-1460.40	-390.30
1371.10	-1462.80	-389.30
1371.10	-1471.30	-384.90
1371.10	-1472.00	-384.50
1371.10	-1475.10	-382.50
1371.10	-1475.50	-382.20
1371.10	-1478.60	-379.50
1371.00	-1484.50	-374.20
1370.80	-1491.40	-367.10
1370.70	-1495.90	-362.30
1370.60	-1500.30	-357.50
1370.40	-1506.00	-352.00
1370.20	-1511.70	-346.40
1370.00	-1518.40	-341.80
1369.80	-1525.00	-337.10
1369.70	-1531.50	-333.60
1369.60	-1538.00	-330.00
1369.40	-1547.30	-326.80
1369.30	-1553.70	-325.20
1369.20	-1560.10	-323.60
1369.00	-1571.40	-322.90
1369.00	-1579.10	-323.70
1368.90	-1587.50	-325.30
1368.90	-1593.70	-326.30
1368.80	-1599.90	-327.30
1368.70	-1609.20	-328.40
1368.70	-1615.90	-329.20
1368.60	-1622.10	-328.30
1368.40	-1626.00	-325.60
1368.20	-1631.60	-320.80
1368.10	-1637.20	-316.00
1367.80	-1645.10	-309.00
1367.60	-1654.70	-304.40
1367.30	-1665.80	-303.10
1367.10	-1678.20	-303.40
1366.90	-1688.30	-301.80
1366.70	-1695.30	-299.60
1366.50	-1702.40	-297.40
1366.30	-1709.00	-294.80
1366.10	-1715.60	-292.20
1366.00	-1720.00	-290.60
1365.80	-1726.80	-286.20
1365.60	-1733.60	-281.80
1365.30	-1740.80	-275.10
1365.00	-1748.00	-268.40
1364.70	-1754.40	-261.50
1364.50	-1760.40	-257.90
1364.20	-1767.70	-255.30
1364.00	-1775.00	-252.60
1363.80	-1779.30	-251.00
1363.50	-1789.00	-248.60
1363.20	-1797.90	-244.00
1362.90	-1803.00	-239.10
1362.70	-1808.10	-234.20
1362.40	-1812.70	-228.30
1362.10	-1817.30	-222.40
1361.90	-1819.10	-216.90
1361.70	-1821.60	-208.70
1361.40	-1824.10	-200.50
1361.20	-1827.10	-191.00
1360.80	-1830.60	-182.00
1360.50	-1835.20	-174.60
1360.20	-1841.60	-166.60
1359.80	-1847.40	-162.10
1359.60	-1854.60	-160.00
1359.30	-1866.10	-160.40
1359.00	-1875.10	-162.20
1358.70	-1885.20	-165.30
1358.60	-1891.20	-167.70
1358.40	-1896.80	-172.00
1358.30	-1904.00	-178.10
1358.20	-1909.10	-183.20
1358.00	-1914.80	-187.10
1357.90	-1917.10	-187.80
1357.70	-1924.10	-188.60
1357.50	-1929.20	-188.00
1357.10	-1937.10	-184.20
1356.80	-1941.60	-179.00
1356.30	-1947.50	-170.10
1356.10	-1950.20	-163.80
1355.90	-1952.90	-157.60
1355.80	-1954.00	-150.40
1355.60	-1955.20	-143.30
1355.50	-1955.70	-139.40
1355.40	-1955.60	-133.00
1355.30	-1955.50	-126.50
1355.20	-1954.70	-118.50
1355.00	-1953.90	-110.50
1354.90	-1951.30	-98.40
1354.90	-1949.20	-90.90
1354.80	-1947.10	-83.50
1354.80	-1945.00	-77.00
1354.80	-1945.00	-77.00
1354.80	-1942.80	-70.50
1354.70	-1940.50	-64.40
1354.70	-1938.20	-58.20
1354.70	-1938.00	-57.70
1354.70	-1937.10	-55.00
1354.70	-1937.00	-54.70
1354.70	-1935.70	-50.50
1354.70	-1933.70	-44.30
1354.60	-1931.60	-38.00
1354.60	-1929.10	-31.80
1354.70	-1926.50	-25.60
1354.60	-1923.10	-18.00
1354.60	-1919.60	-10.30
1354.50	-1916.80	-4.20
1354.50	-1914.00	1.80
1354.40	-1910.10	10.30
1354.40	-1906.00	21.00
1354.40	-1901.60	31.10
1354.30	-1897.20	41.20
1354.40	-1893.50	49.40
1354.40	-1889.80	57.60
1354.40	-1886.60	64.70
1354.40	-1883.40	71.80
1354.40	-1878.50	82.10
1354.40	-1874.30	91.00
1354.50	-1870.00	99.80
1354.50	-1867.10	105.80
1354.50	-1864.20	111.90
1354.50	-1861.80	117.70
1354.50	-1859.40	123.50
1354.40	-1856.30	132.60
1354.40	-1852.70	144.50
1354.30	-1850.60	151.40
1354.30	-1848.60	158.40
1354.30	-1845.30	167.10
1354.30	-1842.10	175.90
1354.30	-1838.60	185.30
1354.30	-1834.90	194.90
1354.40	-1831.10	204.50
1354.40	-1827.50	214.10
1354.30	-1824.80	222.20
1354.30	-1822.00	230.30
1354.30	-1819.20	238.70
1354.30	-1816.10	247.10
1354.30	-1813.00	255.60
1354.30	-1810.20	263.70
1354.20	-1807.30	271.80
1354.20	-1804.50	279.40
1354.20	-1801.60	287.80
1354.10	-1798.60	296.20
1354.10	-1795.90	304.10
1354.00	-1793.10	312.00
1354.00	-1790.40	319.90
1353.90	-1786.60	331.00
1353.80	-1782.80	342.10
1353.70	-1779.50	351.60
1353.60	-1776.20	361.20
1353.50	-1772.80	370.90
1353.40	-1769.30	380.60
1353.30	-1764.60	391.40
1353.20	-1759.90	402.30
1353.20	-1755.90	411.30
1353.10	-1751.90	420.40
1353.10	-1747.60	431.80
1353.00	-1743.30	442.60
1353.00	-1739.40	452.20
1353.10	-1735.50	461.80
1353.10	-1731.00	472.00
1353.20	-1726.50	482.30
1353.30	-1722.30	491.80
1353.50	-1718.10	501.30
1353.70	-1713.00	512.30
1353.90	-1707.80	523.30
1354.10	-1703.50	533.50
1354.40	-1699.20	543.60
1354.50	-1694.90	553.80
1354.60	-1690.50	564.00
1354.70	-1686.10	573.40
1354.70	-1682.60	581.60
1354.80	-1680.20	586.80
1354.80	-1680.00	587.40
1354.80	-1678.80	590.20
1354.80	-1678.70	590.40
1354.80	-1676.00	597.20
1354.80	-1673.90	604.10
1354.80	-1671.70	611.30
1354.80	-1669.50	618.40
1354.80	-1666.10	626.40
1354.90	-1662.80	634.40
1355.00	-1657.90	644.90
1355.10	-1654.40	652.20
1355.10	-1650.90	659.60
1355.20	-1646.70	668.10
1355.30	-1642.40	676.60
1355.40	-1638.00	684.80
1355.60	-1633.00	695.40
1355.70	-1628.00	705.90
1355.80	-1624.20	715.00
1356.00	-1620.40	724.20
1356.20	-1615.70	735.30
1356.20	-1615.70	735.30
1356.40	-1611.10	746.30
1356.60	-1606.80	756.40
1356.80	-1602.50	766.50
1356.80	-1598.40	776.20
1356.80	-1594.20	785.90
1356.80	-1590.10	795.60
1356.80	-1586.00	805.40
1356.80	-1581.80	815.50
1356.80	-1577.70	825.70
1356.80	-1573.60	835.90
1356.90	-1569.50	846.00
1356.90	-1565.40	855.10
1356.90	-1561.40	864.10
1356.90	-1556.70	873.60
1356.90	-1552.00	883.00
1356.90	-1547.40	892.50
1356.90	-1547.20	892.70
1356.90	-1547.00	893.40
1356.90	-1542.90	904.40
1356.90	-1540.10	911.80
1356.90	-1537.50	918.40
1356.90	-1536.00	922.50
1356.90	-1534.20	927.10
1356.90	-1532.80	930.60
1356.90	-1531.10	934.60
1357.00	-1528.30	941.20
1357.00	-1525.70	947.20
1357.00	-1523.10	953.30
1357.00	-1522.30	955.00
1357.10	-1519.20	962.30
1357.10	-1515.90	969.30
1357.20	-1512.60	976.30
1357.30	-1510.20	981.20
1357.30	-1507.90	986.30
1357.40	-1504.50	993.90
1357.40	-1500.00	1004.90
1357.50	-1498.10	1009.40
1357.50	-1497.00	1012.40
1357.50	-1496.50	1014.10
1357.50	-1494.60	1021.00
1357.40	-1492.70	1028.00
1357.40	-1492.60	1028.40
1357.40	-1492.50	1028.90
1357.40	-1492.40	1029.30
1357.40	-1492.30	1029.60
1357.40	-1492.30	1029.80
1357.40	-1492.20	1030.00
1357.40	-1492.10	1030.20
1357.40	-1492.10	1030.50
1357.40	-1492.00	1030.60
1357.40	-1492.00	1030.90
1357.40	-1492.00	1031.00
1357.40	-1491.90	1031.40
1357.40	-1491.80	1031.50
1357.40	-1491.80	1031.70
1357.40	-1491.70	1031.80
1357.40	-1491.70	1032.10
1357.40	-1491.60	1032.20
1357.40	-1491.60	1032.30
1357.40	-1491.40	1033.30
1357.40	-1491.30	1033.60
1357.40	-1491.30	1033.80
1357.40	-1491.20	1034.20
1357.40	-1491.10	1034.50
1357.40	-1491.00	1034.90
1357.40	-1490.90	1035.10
1357.40	-1490.80	1035.60
1357.40	-1490.80	1035.90
1357.40	-1490.70	1036.20
1357.40	-1490.60	1036.60
1357.40	-1490.50	1037.00
1357.40	-1490.40	1037.70
1357.40	-1490.30	1038.10
1357.40	-1490.20	1038.30
1357.40	-1490.20	1038.60
1357.40	-1490.10	1039.00
1357.40	-1490.00	1039.20
1357.40	-1490.00	1039.50
1357.40	-1489.90	1039.80
1357.40	-1489.90	1040.00
1357.40	-1489.90	1040.20
1357.40	-1489.80	1040.30
1357.40	-1489.80	1040.60
1357.40	-1489.80	1040.90
1357.40	-1489.70	1041.30
1357.40	-1489.70	1041.50
1357.40	-1489.70	1041.80
1357.40	-1489.60	1042.00
1357.40	-1489.60	1042.10
1357.40	-1489.60	1042.30
1357.40	-1489.60	1042.50
1357.40	-1489.60	1042.60
1357.40	-1489.60	1043.00
1357.40	-1489.60	1043.40
1357.40	-1489.70	1044.10
1357.40	-1489.70	1044.90
1357.40	-1489.80	1046.60
1357.40	-1490.30	1051.40
1357.40	-1491.50	1060.20
1357.30	-1491.70	1061.40
1357.30	-1491.70	1061.40
1357.30	-1491.90	1063.50
1357.30	-1492.20	1065.20
1357.30	-1492.30	1066.10
1357.30	-1493.10	1072.10
1357.30	-1493.40	1074.10
1357.30	-1494.10	1078.20
1357.20	-1495.00	1082.40
1357.20	-1495.70	1085.80
1357.20	-1496.50	1089.30
1357.20	-1497.70	1093.80
1357.20	-1498.50	1097.10
1357.20	-1499.30	1099.70
1357.20	-1501.30	1106.50
1357.10	-1502.40	1109.70
1357.10	-1503.50	1112.70
1357.10	-1504.80	1116.60
1357.10	-1505.60	1118.70
1357.10	-1506.60	1121.30
1357.10	-1507.50	1123.20
1357.10	-1508.50	1125.20
1357.00	-1509.80	1127.70
1357.00	-1511.50	1131.10
1357.00	-1512.80	1133.60
1356.90	-1513.80	1135.20
1356.90	-1515.50	1137.80
1356.80	-1518.80	1143.00
1356.70	-1521.40	1147.00
1356.50	-1526.70	1155.20
1356.40	-1530.70	1161.40
1356.30	-1533.60	1165.90
1356.30	-1534.40	1167.20
1356.20	-1535.60	1168.90
1356.20	-1536.50	1170.10
1356.20	-1537.40	1171.30
1356.20	-1538.30	1172.40
1356.10	-1539.20	1173.50
1356.00	-1544.30	1180.30
1355.90	-1546.50	1183.10
1355.90	-1550.40	1188.20
1355.70	-1557.30	1196.90
1355.60	-1562.70	1203.90
1355.60	-1569.60	1212.70
1355.70	-1573.40	1217.60
1355.70	-1580.60	1226.80
1355.70	-1585.50	1233.00
1355.70	-1588.40	1236.70
1355.80	-1592.60	1242.30
1356.10	-1596.60	1247.80
1356.30	-1600.90	1253.50
1356.20	-1604.70	1258.80
1356.20	-1607.00	1262.00
1356.20	-1609.60	1265.40
1356.20	-1611.20	1267.40
1356.30	-1614.00	1270.70
1356.30	-1618.50	1275.60
1356.40	-1623.10	1280.20
1356.30	-1625.20	1282.20
1355.90	-1628.60	1285.00
1355.40	-1632.40	1287.80
1354.80	-1636.40	1290.30
1353.50	-1645.80	1295.20
1352.90	-1654.40	1299.90
1352.80	-1663.10	1304.50
1352.80	-1672.00	1308.90
1352.90	-1678.00	1311.60
1353.10	-1684.10	1314.40
1353.40	-1693.70	1318.80
1353.40	-1703.30	1323.20
1353.10	-1712.90	1327.50
1353.00	-1718.10	1329.90
1352.60	-1728.30	1333.50
1352.30	-1738.40	1336.00
1352.00	-1748.50	1338.50
1351.50	-1759.40	1340.70
1350.80	-1770.30	1343.00
1350.20	-1781.20	1345.30
1349.80	-1792.20	1347.60
1349.60	-1799.00	1348.80
1349.30	-1809.50	1351.00
1349.10	-1817.40	1352.30
1348.90	-1825.30	1353.60
1348.50	-1835.90	1355.10
1348.10	-1846.50	1356.40
1347.80	-1854.90	1357.10
1347.50	-1863.30	1357.70
1347.20	-1870.70	1358.00
1347.00	-1878.00	1358.30
1346.80	-1883.80	1358.50
1346.50	-1895.20	1358.90
1346.40	-1901.20	1359.30
1346.20	-1908.80	1359.30
1346.00	-1920.80	1359.40
1345.70	-1931.40	1359.60
1345.30	-1942.10	1359.80
1345.00	-1952.80	1359.90
1344.60	-1964.50	1360.00
1344.20	-1976.10	1360.10
1343.80	-1987.90	1360.10
1343.30	-1999.70	1360.10
1343.10	-2003.50	1360.00
1343.10	-2003.50	1360.00
1342.80	-2011.70	1360.10
1342.40	-2019.90	1360.10
1341.90	-2031.30	1360.30
1341.40	-2040.40	1360.30
1341.00	-2049.70	1360.60
1341.00	-2049.90	1360.60
1340.80	-2053.40	1360.50
1340.80	-2053.40	1360.50
1340.80	-2054.10	1360.50
1340.70	-2055.50	1360.40
1340.60	-2056.50	1360.30
1340.50	-2058.70	1360.20
1340.40	-2060.20	1360.10
1340.30	-2062.70	1360.00
1340.20	-2065.60	1359.80
1340.10	-2067.40	1359.70
1340.00	-2069.50	1359.60
1339.90	-2071.20	1359.40
1339.80	-2072.90	1359.30
1339.60	-2075.60	1359.10
1339.50	-2077.70	1359.00
1339.40	-2078.90	1358.90
1339.30	-2081.50	1358.60
1339.20	-2083.30	1358.50
1339.10	-2085.60	1358.30
1339.00	-2087.40	1358.10
1338.90	-2089.30	1357.90
1338.70	-2091.10	1357.70
1338.60	-2092.90	1357.50
1338.60	-2094.50	1357.30
1338.40	-2096.70	1357.10
1338.30	-2098.20	1357.00
1338.10	-2101.50	1356.80
1337.80	-2107.30	1356.40
1337.10	-2117.80	1355.70
1336.50	-2127.10	1355.10
1336.00	-2134.20	1354.70
1335.50	-2141.30	1354.30
1335.00	-2148.70	1354.00
1334.60	-2154.90	1353.70
1334.20	-2161.20	1353.20
1333.50	-2170.80	1352.60
1333.10	-2177.40	1352.10
1332.70	-2184.10	1351.60
1332.10	-2193.30	1350.90
1331.80	-2199.70	1350.40
1331.40	-2206.10	1349.90
1330.90	-2213.00	1349.30
1330.40	-2219.90	1348.80
1329.80	-2228.70	1348.00
1329.10	-2237.20	1347.30
1328.50	-2245.10	1346.80
1327.90	-2252.90	1346.40
1327.10	-2262.70	1345.90
1326.30	-2271.60	1345.60
1325.70	-2279.90	1345.20
1325.10	-2288.10	1344.80
1324.60	-2295.90	1344.30
1324.20	-2303.70	1343.80
1323.70	-2312.20	1343.30
1323.50	-2315.50	1343.00
1323.10	-2321.80	1342.50
1322.80	-2328.20	1341.90
1322.50	-2334.80	1341.40
1322.30	-2341.40	1340.80
1321.70	-2353.80	1339.60
1321.40	-2360.40	1339.00
1321.10	-2366.90	1338.40
1320.90	-2372.60	1337.80
1320.60	-2379.40	1337.20
1320.10	-2390.90	1335.80
1319.70	-2399.90	1334.50
1319.40	-2408.80	1333.30
1319.10	-2417.70	1332.10
1318.70	-2429.80	1330.50
1318.40	-2435.90	1329.60
1318.20	-2441.50	1328.90
1318.00	-2448.90	1327.90
1317.80	-2453.50	1327.30
1317.50	-2460.30	1326.70
1317.40	-2464.80	1326.30
1317.10	-2473.20	1325.70
1316.80	-2483.00	1324.90
1316.50	-2490.80	1324.10
1316.30	-2498.60	1323.30
1316.00	-2507.30	1322.30
1315.70	-2516.90	1321.40
1315.40	-2526.60	1320.40
1315.00	-2536.30	1319.40
1314.60	-2547.60	1318.10
1314.20	-2557.50	1317.10
1313.80	-2567.30	1316.10
1313.50	-2579.50	1315.00
1313.30	-2586.00	1314.40
1313.10	-2592.40	1313.90
1312.70	-2602.30	1313.10
1312.40	-2612.10	1312.20
1312.00	-2620.50	1311.50
1311.70	-2628.80	1310.70
1311.20	-2640.90	1309.60
1311.20	-2640.90	1309.60
1310.70	-2652.30	1308.60
1310.30	-2663.80	1307.60
1310.10	-2669.40	1307.10
1309.90	-2676.70	1306.50
1309.60	-2684.00	1305.80
1309.30	-2694.30	1304.90
1309.10	-2699.60	1304.40
1308.90	-2703.80	1303.90
1308.60	-2713.30	1302.90
1308.40	-2722.80	1301.90
1308.10	-2732.30	1300.90
1307.80	-2739.30	1300.20
1307.60	-2746.20	1299.50
1307.40	-2752.50	1298.90
1307.30	-2756.00	1298.70
1307.20	-2760.00	1298.50
1307.00	-2770.00	1298.00
1306.80	-2779.90	1297.60
1306.60	-2789.90	1297.10
1306.30	-2801.20	1296.50
1306.20	-2807.50	1296.10
1306.00	-2813.80	1295.80
1305.70	-2824.50	1295.20
