1304.50  0.00  0.00 
1304.50  2.40  1.10 
1304.80 14.40  2.80 
1305.10 26.50  4.60 
1305.40 38.50  6.30 
1305.60 48.40  8.00 
1305.90 58.20  9.80 
1306.10 68.10 11.50 
1306.40 77.90 13.20 
1306.60 87.80 14.90 
1306.80 100.10 16.80 
1307.10 112.50 18.80 
1307.50 124.80 20.70 
1307.90 137.20 22.70 
1308.30 149.50 24.60 
1308.70 161.90 26.60 
1309.10 174.20 28.50 
1309.50 186.50 30.50 
1309.90 198.90 32.50 
1310.30 211.20 34.40 
1310.80 223.60 36.40 
1311.30 235.90 38.30 
1311.80 248.30 40.30 
1312.30 260.60 42.20 
1312.70 273.00 44.20 
1313.00 284.80 45.90 
1313.50 296.70 47.50 
1313.90 308.60 49.20 
1314.40 320.50 50.90 
1315.00 332.30 52.60 
1315.50 344.20 54.30 
1315.90 356.10 56.00 
1316.40 368.00 57.70 
1316.80 379.90 59.40 
1317.30 391.70 61.10 
1317.80 403.60 62.80 
1318.20 414.10 63.50 
1318.70 424.60 64.30 
1319.10 435.00 65.00 
1319.50 446.50 66.10 
1319.90 457.90 67.10 
1320.30 469.40 68.10 
1320.80 480.80 69.10 
1321.20 492.30 70.20 
1321.60 503.80 73.10 
1322.10 515.40 76.10 
1322.50 526.90 79.00 
1322.90 538.40 82.00 
1323.40 550.00 84.90 
1323.90 561.60 86.80 
1324.40 573.20 88.60 
1324.90 584.80 90.40 
1325.50 596.40 92.30 
1326.00 608.50 94.10 
1326.60 620.70 95.90 
1327.20 632.80 97.70 
1327.80 645.00 99.60 
1328.50 657.10 101.40 
1329.20 669.20 103.20 
1330.00 681.40 105.00 
1331.00 693.50 106.80 
1331.90 705.70 108.70 
1332.80 717.80 110.50 
1333.70 729.90 112.30 
1334.50 742.10 114.10 
1335.30 754.20 115.90 
1335.80 765.20 117.50 
1336.40 776.10 119.00 
1337.00 787.10 120.60 
1337.60 798.00 122.10 
1338.20 809.00 123.70 
1338.70 819.90 125.20 
1339.40 832.10 126.40 
1340.00 844.30 127.60 
1340.60 856.50 128.80 
1341.00 868.70 130.00 
1341.50 880.90 131.20 
1341.90 892.20 132.00 
1342.30 903.50 132.80 
1342.70 914.80 133.70 
1343.10 926.10 134.50 
1343.50 937.90 135.30 
1343.90 949.70 136.10 
1344.20 961.60 136.80 
1344.60 973.40 137.60 
1345.00 985.30 138.40 
1345.30 997.10 139.20 
1345.60 1009.00 140.00 
1346.00 1020.00 140.10 
1346.30 1031.00 140.20 
1346.60 1042.10 140.30 
1346.90 1053.10 140.50 
1347.10 1064.10 140.60 
1347.50 1075.60 140.70 
1347.90 1087.10 140.90 
1348.30 1098.60 141.10 
1348.70 1110.00 141.20 
1349.20 1121.50 141.40 
1349.60 1132.90 140.40 
1350.00 1144.30 139.50 
1350.00 1144.30 139.50 
1350.40 1155.60 138.50 
1350.70 1167.00 137.50 
1351.10 1177.40 136.00 
1351.60 1187.90 134.50 
1352.00 1198.40 133.00 
1352.40 1208.80 131.40 
1352.70 1219.30 129.90 
1353.00 1231.40 126.90 
1353.00 1238.60 122.70 
1353.10 1245.90 118.50 
1353.10 1253.90 112.20 
1353.00 1261.90 106.00 
1352.90 1267.90 99.90 
1352.70 1273.90 93.80 
1352.60 1279.90 87.70 
1352.50 1287.50 78.10 
1352.60 1295.20 68.50 
1352.60 1302.90 58.80 
1352.90 1310.50 49.20 
1353.00 1315.70 42.20 
1353.20 1320.90 35.20 
1353.40 1326.10 28.20 
1353.60 1331.00 21.20 
1353.80 1335.80 14.30 
1354.00 1340.70  7.40 
1354.30 1347.50 -2.00 
1354.50 1354.40 -11.30 
1354.70 1359.20 -18.70 
1354.90 1363.90 -26.10 
1355.00 1368.70 -33.50 
1355.20 1371.50 -37.90 
1355.30 1375.10 -47.00 
1355.60 1378.80 -56.10 
1355.80 1382.40 -65.20 
1355.90 1384.00 -72.20 
1356.10 1385.60 -79.20 
1356.20 1384.40 -87.50 
1356.20 1383.20 -95.80 
1356.20 1381.90 -104.10 
1356.20 1376.90 -114.40 
1356.10 1371.80 -124.70 
1356.10 1366.60 -134.10 
1356.10 1361.50 -143.50 
1356.00 1356.30 -152.90 
1356.00 1356.30 -152.90 
1356.00 1352.80 -158.40 
1355.80 1347.40 -167.30 
1355.70 1342.30 -175.30 
1355.50 1336.40 -184.60 
1355.40 1331.70 -192.00 
1355.30 1328.30 -197.80 
1355.20 1324.30 -203.70 
1355.00 1320.40 -209.20 
1354.90 1316.50 -215.00 
1354.80 1313.60 -220.20 
1354.70 1310.30 -226.40 
1354.60 1306.90 -232.60 
1354.50 1303.80 -238.10 
1354.50 1300.70 -243.60 
1354.50 1297.90 -249.20 
1354.50 1294.80 -255.20 
1354.40 1291.70 -261.30 
1354.40 1288.60 -266.90 
1354.30 1285.40 -272.50 
1354.30 1282.00 -278.00 
1354.20 1277.70 -284.30 
1354.10 1273.40 -290.60 
1354.00 1270.70 -294.80 
1354.00 1268.40 -299.80 
1353.90 1264.80 -307.40 
1353.70 1258.50 -317.90 
1353.60 1252.30 -328.30 
1353.50 1248.50 -335.20 
1353.40 1243.30 -344.90 
1353.30 1238.10 -354.70 
1353.20 1232.90 -364.50 
1353.10 1229.70 -370.40 
1353.10 1226.70 -376.30 
1353.10 1223.60 -382.20 
1353.00 1218.20 -392.30 
1353.00 1213.60 -400.30 
1352.90 1209.80 -406.00 
1352.90 1206.20 -411.40 
1352.80 1202.50 -416.80 
1352.80 1198.90 -422.20 
1352.80 1195.20 -427.70 
1352.70 1192.80 -431.50 
1352.70 1190.90 -435.20 
1352.60 1187.50 -441.50 
1352.50 1182.50 -450.40 
1352.50 1180.70 -454.40 
1352.30 1177.10 -463.90 
1352.30 1175.10 -468.30 
1352.10 1170.70 -475.20 
1352.00 1165.60 -483.10 
1351.70 1158.90 -493.40 
1351.50 1153.50 -503.10 
1351.40 1148.20 -512.80 
1351.30 1144.50 -518.80 
1351.20 1140.90 -524.70 
1351.20 1140.90 -524.70 
1351.10 1134.30 -534.90 
1351.00 1128.80 -543.60 
1351.00 1123.70 -552.10 
1351.00 1118.90 -560.70 
1351.00 1114.20 -569.30 
1351.00 1110.80 -575.50 
1351.00 1107.30 -581.70 
1351.00 1103.20 -589.10 
1351.00 1099.50 -596.00 
1350.90 1097.80 -599.00 
1350.90 1095.80 -602.00 
1350.90 1095.20 -602.90 
1350.90 1092.50 -607.30 
1350.80 1090.20 -610.80 
1350.80 1084.60 -619.30 
1350.70 1079.10 -627.90 
1350.60 1073.50 -636.50 
1350.50 1068.80 -643.90 
1350.40 1064.10 -651.90 
1350.30 1060.50 -658.20 
1350.20 1057.80 -663.40 
1350.20 1055.30 -667.70 
1350.10 1051.40 -673.80 
1350.00 1047.60 -679.90 
1350.00 1044.30 -684.70 
1349.90 1040.60 -689.40 
1349.80 1037.30 -694.20 
1349.70 1033.10 -701.40 
1349.60 1028.40 -709.40 
1349.50 1025.00 -715.20 
1349.40 1021.70 -720.40 
1349.40 1018.20 -725.50 
1349.20 1012.20 -733.70 
1349.10 1009.40 -737.80 
1349.10 1006.50 -743.40 
1348.90 1001.80 -753.30 
1348.90 997.00 -763.10 
1348.80 992.30 -772.90 
1348.80 987.40 -782.70 
1348.70 982.50 -792.60 
1348.70 977.70 -802.40 
1348.60 974.30 -809.40 
1348.60 970.90 -816.40 
1348.60 966.40 -825.10 
1348.50 963.10 -831.90 
1348.50 959.90 -838.00 
1348.50 956.70 -844.00 
1348.50 952.60 -851.90 
1348.50 951.00 -856.40 
1348.60 949.20 -864.30 
1348.60 947.90 -869.20 
1348.60 945.60 -875.20 
1348.70 943.90 -879.50 
1348.70 940.60 -887.80 
1348.70 937.50 -893.10 
1348.70 934.00 -897.70 
1348.70 929.40 -904.20 
1348.70 925.70 -910.30 
1348.70 922.70 -916.30 
1348.70 919.10 -923.60 
1348.70 915.90 -930.50 
1348.70 912.60 -937.40 
1348.70 910.00 -942.80 
1348.70 907.70 -947.30 
1348.70 905.50 -950.80 
1348.70 901.20 -957.30 
1348.70 894.80 -967.00 
1348.70 889.40 -975.90 
1348.60 884.00 -984.80 
1348.60 878.60 -993.70 
1348.60 873.20 -1002.60 
1348.50 868.30 -1011.40 
1348.50 864.40 -1017.60 
1348.50 861.90 -1021.10 
1348.40 859.70 -1024.00 
1348.40 855.90 -1028.60 
1348.30 854.30 -1030.30 
1348.30 851.20 -1034.10 
1348.30 847.60 -1038.30 
1348.20 844.60 -1041.80 
1348.10 837.80 -1051.00 
1348.10 832.50 -1058.00 
1348.00 827.20 -1065.10 
1347.90 821.10 -1075.00 
1347.80 816.80 -1083.30 
1347.70 811.80 -1094.50 
1347.70 809.10 -1100.80 
1347.60 806.40 -1107.20 
1347.60 802.10 -1116.10 
1347.50 799.90 -1121.10 
1347.50 798.10 -1126.60 
1347.50 796.60 -1133.10 
1347.60 795.40 -1141.70 
1347.60 795.00 -1149.60 
1347.70 794.60 -1158.70 
1347.80 794.30 -1167.60 
1347.80 793.60 -1175.70 
1347.90 793.30 -1180.00 
1347.90 793.00 -1186.50 
1348.00 792.90 -1196.80 
1348.00 792.90 -1196.80 
1348.10 793.10 -1201.60 
1348.20 793.60 -1207.20 
1348.20 794.20 -1213.60 
1348.30 794.80 -1219.90 
1348.50 795.90 -1230.80 
1348.60 797.40 -1238.70 
1348.70 799.80 -1247.60 
1348.90 803.40 -1258.60 
1349.10 806.90 -1269.70 
1349.20 809.10 -1277.00 
1349.40 812.20 -1287.00 
1349.60 816.30 -1296.80 
1349.70 820.50 -1303.60 
1349.90 825.90 -1310.60 
1350.00 828.90 -1314.60 
1350.10 831.00 -1317.90 
1350.40 835.30 -1324.50 
1350.60 838.60 -1329.30 
1350.80 842.60 -1333.10 
1351.00 847.90 -1336.20 
1351.30 855.20 -1340.40 
1351.40 858.70 -1342.60 
1351.80 866.60 -1346.80 
1352.00 874.50 -1350.40 
1352.30 881.20 -1353.10 
1352.40 887.30 -1355.30 
1352.70 893.40 -1357.40 
1353.00 901.20 -1359.80 
1353.60 913.10 -1363.60 
1354.10 924.40 -1367.20 
1354.50 931.70 -1369.70 
1354.90 939.10 -1372.20 
1355.10 945.20 -1374.70 
1355.40 951.40 -1377.10 
1355.70 958.20 -1379.80 
1356.00 965.00 -1382.60 
1356.30 972.10 -1385.20 
1356.80 979.70 -1387.80 
1357.10 987.10 -1390.30 
1357.50 994.50 -1392.80 
1358.10 1005.20 -1396.30 
1358.60 1015.90 -1399.80 
1359.10 1025.50 -1403.00 
1359.50 1035.10 -1406.10 
1359.90 1044.00 -1409.40 
1360.40 1052.90 -1412.70 
1360.80 1061.80 -1416.00 
1361.20 1070.70 -1419.20 
1361.50 1077.80 -1421.90 
1361.70 1084.90 -1424.70 
1362.00 1091.50 -1427.10 
1362.30 1098.10 -1429.60 
1362.60 1107.00 -1432.50 
1362.80 1112.30 -1434.50 
1363.10 1121.20 -1438.30 
1363.60 1131.40 -1442.70 
1363.80 1138.60 -1445.10 
1364.00 1144.70 -1447.00 
1364.30 1151.70 -1449.20 
1364.50 1158.90 -1451.50 
1364.90 1169.60 -1455.50 
1365.10 1177.00 -1457.90 
1365.30 1183.80 -1459.80 
1365.50 1190.40 -1461.60 
1365.80 1197.00 -1463.40 
1366.00 1204.00 -1465.70 
1366.20 1209.20 -1468.40 
1366.50 1219.00 -1474.10 
1366.60 1223.30 -1476.10 
1366.80 1229.50 -1478.50 
1367.00 1234.40 -1480.30 
1367.20 1242.40 -1483.40 
1367.40 1250.50 -1486.00 
1367.70 1260.20 -1489.50 
1368.00 1270.50 -1493.90 
1368.20 1276.20 -1496.40 
1368.40 1282.00 -1498.90 
1368.60 1291.00 -1503.10 
1368.80 1300.00 -1507.30 
1369.00 1309.10 -1511.50 
1369.30 1317.00 -1515.20 
1369.50 1326.30 -1519.40 
1369.60 1331.40 -1520.90 
1369.70 1335.60 -1521.50 
1369.90 1343.00 -1522.60 
1369.90 1343.90 -1522.80 
1370.00 1349.00 -1523.80 
1370.10 1353.80 -1525.60 
1370.20 1358.40 -1527.90 
1370.40 1364.50 -1531.10 
1370.60 1370.70 -1534.30 
1370.80 1377.50 -1537.80 
1370.90 1384.40 -1541.20 
1371.20 1393.30 -1545.20 
1371.40 1403.20 -1548.50 
1371.50 1411.10 -1550.50 
1371.50 1415.20 -1551.30 
1371.60 1424.30 -1553.10 
1371.60 1433.40 -1554.90 
1371.70 1439.80 -1556.50 
1371.70 1439.80 -1556.50 
1371.70 1447.70 -1558.80 
1371.70 1457.40 -1561.90 
1371.70 1468.60 -1566.00 
1371.70 1479.80 -1570.00 
1371.60 1491.00 -1574.10 
1371.50 1499.40 -1577.30 
1371.50 1505.50 -1579.70 
1371.40 1511.60 -1582.20 
1371.20 1520.30 -1585.80 
1371.10 1529.40 -1589.10 
1370.90 1535.80 -1591.40 
1370.80 1542.10 -1593.80 
1370.70 1549.00 -1596.30 
1370.50 1555.80 -1598.70 
1370.40 1564.40 -1601.90 
1370.20 1573.10 -1605.10 
1370.00 1579.20 -1607.30 
1369.80 1585.20 -1609.50 
1369.70 1592.40 -1612.20 
1369.50 1599.70 -1614.80 
1369.30 1606.50 -1617.60 
1369.20 1613.80 -1621.00 
1369.00 1624.30 -1626.10 
1368.80 1634.90 -1631.20 
1368.60 1645.50 -1636.30 
1368.40 1656.00 -1641.40 
1368.40 1663.10 -1644.80 
1368.40 1670.20 -1648.20 
1368.40 1676.90 -1651.30 
1368.60 1683.60 -1654.50 
1368.80 1689.80 -1657.20 
1369.00 1696.00 -1659.80 
1369.20 1702.40 -1662.10 
1369.50 1708.80 -1664.50 
1369.80 1714.60 -1666.20 
1370.10 1719.60 -1667.60 
1370.80 1730.20 -1670.30 
1371.70 1739.90 -1672.90 
1373.00 1749.60 -1675.40 
1375.00 1759.40 -1677.90 
1377.30 1769.10 -1680.40 
1379.30 1778.30 -1682.90 
1380.70 1787.60 -1685.30 
1383.20 1797.10 -1687.70 
1384.50 1801.20 -1688.30 
1385.80 1804.60 -1688.30 
1388.20 1809.90 -1688.50 
1393.70 1822.40 -1688.80 
1397.70 1831.60 -1689.00 
1401.30 1840.90 -1689.30 
1401.50 1846.50 -1688.90 
1401.60 1850.90 -1688.30 
1402.00 1856.50 -1687.80 
1402.70 1866.70 -1686.90 
1403.30 1876.90 -1686.00 
1403.50 1888.50 -1685.00 
1403.50 1892.30 -1684.70 
1403.50 1898.10 -1684.20 
1403.40 1905.00 -1682.80 
1403.10 1914.00 -1681.00 
1402.50 1924.70 -1678.60 
1401.90 1933.50 -1676.20 
1401.10 1943.00 -1673.30 
1400.20 1952.70 -1670.40 
1399.80 1964.40 -1668.00 
1399.50 1972.40 -1666.50 
1399.20 1983.10 -1664.50 
1400.10 1993.80 -1662.50 
1402.20 2003.80 -1660.70 
1407.30 2013.90 -1658.90 
1407.80 2023.90 -1657.10 
1408.30 2033.90 -1655.20 
1409.10 2042.20 -1653.70 
1410.10 2050.60 -1652.20 
1411.90 2061.50 -1649.40 
1413.10 2068.90 -1646.60 
1414.30 2076.40 -1643.70 
1415.00 2082.50 -1641.00 
1415.80 2088.50 -1638.20 
1416.60 2096.30 -1634.50 
1417.20 2104.10 -1630.90 
1417.40 2114.40 -1626.20 
1417.50 2124.80 -1621.50 
1417.50 2135.10 -1616.90 
1417.50 2145.40 -1612.20 
1417.60 2155.40 -1607.80 
1417.80 2165.50 -1603.50 
1418.00 2175.50 -1599.10 
1418.10 2185.50 -1594.80 
1418.00 2195.80 -1590.40 
1418.00 2206.00 -1585.90 
1417.90 2216.20 -1581.50 
1417.90 2226.50 -1577.00 
1417.90 2233.00 -1574.20 
1417.90 2239.50 -1571.30 
1417.90 2247.80 -1567.80 
1417.80 2256.10 -1564.20 
1417.70 2266.50 -1559.60 
1417.70 2272.90 -1556.80 
1417.60 2279.30 -1554.00 
1417.60 2279.30 -1554.00 
1417.60 2285.80 -1551.20 
1417.50 2294.40 -1548.30 
1417.40 2303.10 -1545.50 
1417.30 2309.80 -1543.30 
1417.20 2317.10 -1540.90 
1417.20 2324.40 -1538.50 
1417.00 2335.90 -1534.30 
1416.90 2345.00 -1530.50 
1416.80 2350.90 -1528.00 
1416.80 2356.80 -1525.40 
1416.70 2363.90 -1522.10 
1416.60 2371.00 -1518.90 
1416.60 2378.00 -1515.70 
1416.50 2384.90 -1512.50 
1416.50 2391.90 -1509.20 
1416.40 2398.90 -1506.00 
1416.20 2404.90 -1503.10 
1416.10 2410.80 -1500.30 
1415.80 2418.80 -1496.40 
1415.50 2426.80 -1492.40 
1415.00 2433.00 -1489.40 
1414.40 2439.10 -1486.40 
1413.70 2445.90 -1483.00 
1412.90 2452.80 -1479.70 
1412.80 2460.00 -1476.30 
1412.60 2467.20 -1472.90 
1412.50 2474.00 -1469.70 
1413.40 2480.80 -1466.50 
1415.30 2488.30 -1463.00 
1417.50 2495.80 -1459.60 
1419.60 2502.40 -1456.60 
1420.20 2508.90 -1453.70 
1420.40 2516.60 -1450.20 
1420.50 2524.30 -1446.70 
1420.50 2531.80 -1443.30 
1420.70 2539.20 -1440.00 
1421.30 2550.50 -1434.90 
1421.70 2556.40 -1432.20 
1422.10 2562.20 -1429.60 
1422.70 2570.00 -1426.10 
1423.30 2577.70 -1422.60 
1423.90 2585.90 -1418.90 
1424.80 2594.00 -1415.20 
1425.70 2600.70 -1412.20 
1426.60 2607.30 -1409.20 
1427.70 2617.50 -1404.50 
1428.30 2627.40 -1400.00 
1428.10 2633.70 -1397.00 
1427.80 2640.00 -1393.90 
1427.80 2646.60 -1390.80 
1428.00 2653.10 -1387.70 
1428.30 2659.40 -1384.70 
1428.70 2665.80 -1381.60 
1429.10 2673.50 -1378.00 
1429.30 2681.20 -1374.30 
1429.40 2687.70 -1371.30 
1429.20 2694.10 -1368.20 
1423.70 2704.70 -1363.10 
1404.30 2713.20 -1358.40 
1398.60 2722.60 -1353.10 
1396.00 2732.70 -1347.30 
1394.20 2741.50 -1342.90 
1393.50 2746.50 -1340.70 
1392.50 2758.20 -1337.00 
1391.80 2768.70 -1334.30 
1391.50 2775.20 -1332.50 
1391.20 2781.70 -1330.60 
1391.00 2788.30 -1328.30 
1390.80 2794.80 -1325.90 
1390.50 2803.50 -1322.20 
1390.20 2809.40 -1319.40 
1390.00 2816.00 -1316.10 
1389.80 2821.80 -1313.00 
1389.60 2829.20 -1309.00 
1389.40 2835.70 -1306.20 
1389.00 2844.80 -1303.00 
1388.60 2855.70 -1299.30 
1388.30 2866.30 -1295.90 
1387.90 2876.00 -1292.30 
1387.80 2882.70 -1288.70 
1387.80 2888.90 -1284.50 
1387.70 2897.10 -1278.70 
1387.70 2903.30 -1274.40 
1387.60 2909.60 -1270.10 
1387.70 2914.80 -1266.50 
1387.70 2920.00 -1262.90 
1387.90 2924.70 -1258.80 
1388.00 2927.70 -1254.50 
1388.30 2931.40 -1247.90 
1388.60 2936.50 -1238.00 
1388.80 2937.90 -1235.20 
1389.00 2940.60 -1229.30 
1389.30 2942.80 -1222.50 
1389.50 2944.90 -1214.10 
1389.60 2946.60 -1207.50 
1389.70 2947.60 -1203.10 
1389.70 2949.10 -1194.80 
1389.70 2949.60 -1191.30 
1389.60 2950.60 -1185.90 
1389.40 2952.30 -1179.50 
1389.40 2952.30 -1179.50 
1389.30 2953.60 -1174.90 
1389.10 2954.20 -1168.30 
1388.60 2955.10 -1161.40 
1388.20 2956.10 -1155.60 
1387.50 2957.60 -1149.20 
